Annotated output of PCA/glm for mutagenicity data
This analysis is better than PCA on all 45 variables.

sdev: groups 1a, 1b, 2 to 5 (std deviations of components: sqrt(eigenvalues)
1a) Comp.1 Comp.2 Comp.3 Comp.4 Comp.5 
   1.744  1.251  0.553  0.244  0.171 
1b) Comp.1 Comp.2 Comp.3 Comp.4 Comp.5 
   2.1677 0.4166 0.3482 0.0738 0.0300 
2) Comp.1 Comp.2 Comp.3 Comp.4 Comp.5 
   10.470  3.024  2.207  0.232  0.000 
3) Comp1  Comp2  Comp3  Comp4  Comp5  Comp6  Comp7  Comp8  Comp9  Comp10 
   9.455  2.311  1.661  1.358  0.732  0.509  0.400  0.184  0.047  0.0260
4) Comp.1 Comp.2 Comp.3 Comp.4 Comp.5 Comp.6 
   0.580  0.551  0.329  0.284  0.141  0.128 
5) Comp1  Comp2  Comp3  Comp4  Comp5  Comp6  Comp7  Comp8  Comp9 Comp10 
   3.508  0.798  0.640  0.345  0.294  0.207  0.140  0.114  0.062  0.000 

covariance/correlation matrices for group 4: nCO nNO nNO2 nSO2 nSO3 nPO
          nCO       nNO      nNO2      nSO2      nSO3       nPO
nCO   0.32175  0.007179 -0.011646 -0.002380 -0.005556 -0.016682
nNO   0.00718  0.081019 -0.002796 -0.000234 -0.001606 -0.006774
nNO2 -0.01165 -0.002796  0.109159 -0.001508  0.000305 -0.006800
nSO2 -0.00238 -0.000234 -0.001508  0.016406  0.000197 -0.000476
nSO3 -0.00556 -0.001606  0.000305  0.000197  0.020034 -0.000827
nPO  -0.01668 -0.006774 -0.006800 -0.000476 -0.000827  0.316954

[if correlations are weak, PCA is not useful]
         nCO      nNO     nNO2     nSO2     nSO3     nPO
nCO   1.0000  0.04447 -0.06214 -0.03275 -0.06920 -0.0522
nNO   0.0445  1.00000 -0.02973 -0.00642 -0.03987 -0.0423
nNO2 -0.0621 -0.02973  1.00000 -0.03563  0.00651 -0.0366
nSO2 -0.0328 -0.00642 -0.03563  1.00000  0.01088 -0.0066
nSO3 -0.0692 -0.03987  0.00651  0.01088  1.00000 -0.0104
nPO  -0.0522 -0.04227 -0.03656 -0.00660 -0.01038  1.0000


covariance/correlatione matrices for group 2: nBO nBM nDB nTB nAB
       nBO     nBM     nDB     nTB     nAB
nBO 69.724 39.8308 14.9010 -0.1639 25.0937
nBM 39.831 31.4267 11.2086 -0.0858 20.3039
nDB 14.901 11.2086  6.7350 -0.0598  4.5334
nTB -0.164 -0.0858 -0.0598  0.0409 -0.0669
nAB 25.094 20.3039  4.5334 -0.0669 15.8375

[if some correlations are strong, PCA is useful]
       nBO     nBM    nDB     nTB     nAB
nBO  1.000  0.8509  0.688 -0.0970  0.7551
nBM  0.851  1.0000  0.770 -0.0756  0.9101
nDB  0.688  0.7704  1.000 -0.1138  0.4389
nTB -0.097 -0.0756 -0.114  1.0000 -0.0831
nAB  0.755  0.9101  0.439 -0.0831  1.0000

============================================================

Loadings and summaries: groups 1a, 1b, 2 to 5

grp1a    AMW     Mv     Me      Mp     Ms    |       Comp.1 Comp.2
 Min.   :11.8   0.600   0.97   0.540   2.01  |   AMW -0.199 0.7366 
 1st Qu.:12.5   0.860   1.04   0.850   2.81  |   Mv  -0.560 0.0737 
 Median :13.1   0.920   1.07   0.920   3.17  |   Me   0.405 0.5219
 Mean   :14.7   0.911   1.07   0.918   3.22  |   Mp  -0.518 0.3065
 3rd Qu.:14.6   0.960   1.10   0.970   3.56  |   Ms   0.463 0.2926
 Max.   :98.2   1.550   1.31   2.530   5.92  |

                                  comp1 : standardized Mv,Mp vs Me,Ms
                                  comp2 : standardized weighted sum AMW and Me

grp1b     MW   Sv     Se     Sp      Ss      |      Comp.1  Comp.2  
 Min.   : 36   2.02   3.00   1.91    8.0     |   MW -0.431  0.7302 
 1st Qu.:122   7.79   9.32   7.87   28.1     |   Sv -0.454  0.0113 
 Median :172  10.80  13.16  10.90   39.0     |   Se -0.458 -0.2429
 Mean   :194  12.51  14.62  12.57   42.2     |   Sp -0.454  0.1404
 3rd Qu.:246  16.69  19.00  16.70   51.0     |   Ss -0.438 -0.6229
 Max.   :959  56.40  70.78  55.37  224.9     |

                             comp1: weighted sum (sign doesn't matter)
                             comp2: standardized MW vs standardized Ss

grp2      nBO   nBM    nDB   nTB     nAB    |        Comp.1   Comp.2   Comp.3
 Min.   : 2.0   0.00   0.00  0.000   0.00   |  nBO  0.77728  0.59722  0.19788
 1st Qu.: 8.0   2.00   1.00  0.000   0.00   |  nBM  0.50629 -0.55336 -0.32178
 Median :12.0   5.00   3.00  0.000   2.00   |  nDB  0.18199  0.02804 -0.79639
 Mean   :14.2   6.12   3.17  0.032   2.92   |  nTB -0.00186 -0.00146  0.00231
 3rd Qu.:19.0   9.00   5.00  0.000   4.00   |  nAB  0.32616 -0.57994  0.47229
 Max.   :66.0  48.00  21.00  2.000  39.00   |
                                 comp1: weighted sum nBO, nBM, and less for nAB 
               [cor=F]           comp2: nBO vs nBM and nAB (contrast)
                                 comp3: nDB, nBM vs nAB

grp3      nAT   nC   nN     nO     nP  nS    nF    nCL    nBR     nX 
 Min.   : 3.0   1.0  0.00   0.0  0.00  0.00  0.00  0.00   0.00   0.00
 1st Qu.: 9.0   6.0  0.00   0.0  0.00  0.00  0.00  0.00   0.00   0.00
 Median :12.0   8.0  1.00   2.0  0.00  0.00  0.00  0.00   0.00   0.00
 Mean   :13.7  10.1  0.98   1.9  0.03  0.15  0.04  0.37   0.10   0.52
 3rd Qu.:18.0  14.0  2.00   3.0  0.00  0.00  0.00  0.00   0.00   0.00
 Max.   :65.0  47.0  8.00  17.0  2.00  4.00  6.00  8.00  10.00  10.00
       Comp.1   Comp.2    Comp.3
nAT  0.754636  0.42482  0.158486      [cor=F]
nC   0.648576 -0.59219 -0.107934      comp1: weighted sum nAT and nC
nN   0.016879  0.20405 -0.102026      comp2: nAT, nO vs nC
nO   0.096263  0.64005 -0.336559      comp3: nO vs nCL, nX
nP   0.000792  0.01588  0.000723
nS   0.005995  0.06175 -0.010742
nF  -0.001871  0.00906  0.043424
nCL -0.009627  0.06241  0.560215
nBR -0.001632  0.02247  0.110478
nX  -0.013643  0.09480  0.715195

grp4     nCO    nNO      nNO2   nSO2     nSO3    nPO        
 Min.   :0.00   0.000   0.000   0.000    0.000   0.000
 1st Qu.:0.00   0.000   0.000   0.000    0.000   0.000
 Median :0.00   0.000   0.000   0.000    0.000   0.000
 Mean   :0.27   0.078   0.090   0.017    0.020   0.093
 3rd Qu.:0.00   0.000   0.000   0.000    0.000   0.000
 Max.   :4.00   2.000   4.000   1.000    1.000   6.000
       Comp.1   Comp.2  Comp.3   Comp.4    Comp.5   Comp.6
nCO   0.76067  0.64563  0.0599  0.02362 -0.018395  0.00776
nNO   0.03881 -0.00139 -0.0936 -0.99454 -0.024773  0.00273
nNO2 -0.02004 -0.06529  0.9931 -0.09413 -0.000805  0.01759
nSO2 -0.00463 -0.00628 -0.0177  0.00527 -0.041257  0.99895
nSO3 -0.01187 -0.01494  0.0010  0.02422 -0.998662 -0.04150
nPO  -0.64754  0.76068  0.0341 -0.02943 -0.004462  0.00236

cor=F, dependence is weak in this group so ratio of max to min
eigenvalue is not as much as in other groups, components are mainly
weighted on a single variable: 
comp1 is NCO vs nPO, comp2 is weighted sum of NCO and nPO,
so first two components are equivalent to nCO and nPO as single variables.
PCA is mainly useful for highly dependent variables to reduce the
dimensionality.


grp5      nCIC  nCIR   nR03   nR04    nR05  nR06   nR07   nR08  nR09    nR10 
 Min.   : 0.00   0.00  0.000  0.000  0.000  0.00  0.000  0.000  0.000   0.00
 1st Qu.: 0.00   0.00  0.000  0.000  0.000  0.00  0.000  0.000  0.000   0.00
 Median : 1.00   1.00  0.000  0.000  0.000  1.00  0.000  0.000  0.000   0.00
 Mean   : 1.49   2.11  0.054  0.004  0.195  1.24  0.023  0.019  0.126   0.45
 3rd Qu.: 2.00   3.00  0.000  0.000  0.000  2.00  0.000  0.000  0.000   0.00
 Max.   :11.00  27.00  3.000  1.000  5.000  9.00  3.000  3.000  6.000  11.00
        Comp.1   Comp.2  Comp.3   Comp.4
nCIC  0.408112 -0.07344  0.4997 -0.44592       [cor=F]
nCIR  0.788044 -0.26021 -0.2505  0.08538       comp1: nCIC, nCIR, nR06, nR10
nR03  0.011094 -0.04380 -0.0164 -0.50143       comp2: nCIR, nR05, nR09 vs
nR04 -0.000138 -0.00420 -0.0006 -0.01266              nR06, nR10
nR05  0.053022 -0.57054 -0.0301 -0.17419       comp3: nCIC, nR06 vs
nR06  0.353867  0.47582  0.5080  0.32389              nCIR, nR10 (contrast)
nR07  0.014064 -0.04940 -0.0497 -0.09977       comp4: nCIC, nR03 vs 
nR08  0.011551 -0.09744 -0.0264  0.00253              nR06, nR09
nR09  0.061443 -0.40998  0.0165  0.62526
nR10  0.283141  0.43934 -0.6518 -0.07825
============================================================

number of explanatory: 28  for glm
max correlation among explanatory variables is 0.95
Coefficients:
            Estimate Std. Error z value Pr(>|z|)    
(Intercept)  -1.8757     2.1713   -0.86  0.38768    
nCS          -0.7403     0.4481   -1.65  0.09849 .  
nHA           0.5945     0.7099    0.84  0.40237    
nCO          -0.3002     0.1343   -2.23  0.02545 *  
nNO           2.5919     0.3314    7.82  5.2e-15 ***
nNO2          0.9595     0.2953    3.25  0.00116 ** 
nSO2         -2.8523     0.7188   -3.97  7.2e-05 ***
nSO3          0.0813     0.5129    0.16  0.87410    
nPO           0.3783     0.2350    1.61  0.10749    
grp1a1       -0.1768     0.0748   -2.36  0.01806 *  
grp1a2        0.4550     0.1042    4.37  1.3e-05 ***  AMW, Me
grp1b1        7.2113     2.1853    3.30  0.00097 ***  average in grp1b
grp1b2        2.8813     1.2098    2.38  0.01723 *    Mw vs Ss
grp1b3       -5.7751     3.0963   -1.87  0.06216 .  
grp21         1.1524     0.6959    1.66  0.09774 .  
grp22         0.8441     0.5323    1.59  0.11275    
grp23         0.0790     0.1819    0.43  0.66383    
grp31         0.5055     0.6079    0.83  0.40561    
grp32        -0.4597     0.7321   -0.63  0.53005    
grp33         0.2644     0.4465    0.59  0.55373    
grp34        -0.1456     0.2260   -0.64  0.51928    
grp35         0.3453     0.3820    0.90  0.36607    
grp51        -0.3632     0.3736   -0.97  0.33102    
grp52         0.2917     0.1165    2.50  0.01226 *  
grp53        -1.8194     0.5002   -3.64  0.00028 ***  nCIC, nR06 vs nCIR, nR10
grp54        -0.5626     0.4822   -1.17  0.24334    
grp55        -1.4388     0.3098   -4.64  3.4e-06 ***
grp56        -1.0557     0.4726   -2.23  0.02551 *  
grp57         2.0889     0.5629    3.71  0.00021 ***
    Null deviance: 2574.6  on 1858  degrees of freedom
Residual deviance: 1864.0  on 1830  degrees of freedom
AIC: 1922
# full model AIC 1916

(groups 2 and 3 less important for prediction ??)   

Misclassification tables with boundaries of 0.5, 0.48, 0.45
    FALSE TRUE         FALSE TRUE         FALSE TRUE
  0   825  139       0   816  148       0   791  173
  1   299  596       1   285  610       1   273  622

#============================================================
# Table on p 7-28
    FALSE TRUE 
  0   824  140
  1   293  602
